{
 "cells": [
  {
   "cell_type": "markdown",
   "metadata": {},
   "source": [
    "### Discovery\n",
    "\n",
    "Welcome new data analyst contractor, to Fictional Care Co. Whilst on your generous and extremely interesting 30 second induction, your IT systems have been fully set up, tested and everything is working perfectly. <br><br>\n",
    "As your first task, you will be trying to determine if there is a linear relationship between patient characteristics and their cholesterol levels for patients living with diabetes. You will use a linear regression model to establish if any relationship exists and if so, how cholesterol levels vary by patient. Data has already been sourced by the ever efficient and humble management team. You can find a full breakdown of the fields contained within the dataset below:"
   ]
  },
  {
   "cell_type": "markdown",
   "metadata": {},
   "source": [
    "--- \n",
    "### Data preparation\n"
   ]
  },
  {
   "cell_type": "markdown",
   "metadata": {},
   "source": [
    "First we will import the required modules. They are:\n",
    "- Pandas\n",
    "- Seaborn\n",
    "- Statsmodels.api\n",
    "- Sklearn.model_selection - train_test_split"
   ]
  },
  {
   "cell_type": "code",
   "execution_count": 2,
   "metadata": {},
   "outputs": [],
   "source": [
    "# Import required modules\n",
    "import pandas as pd # Used for manipulating data\n",
    "import seaborn as sns # Visualisations\n",
    "import statsmodels.api as sm # One of the ML libraries\n",
    "from sklearn.model_selection import train_test_split # Another ML library\n",
    "from sklearn.metrics import root_mean_squared_error, mean_absolute_error, mean_squared_error, mean_absolute_percentage_error\n",
    "import matplotlib.pyplot as plt # Another viz library"
   ]
  },
  {
   "cell_type": "markdown",
   "metadata": {},
   "source": [
    "Import the diabetes dataset and validate the results. "
   ]
  },
  {
   "cell_type": "code",
   "execution_count": 3,
   "metadata": {},
   "outputs": [
    {
     "data": {
      "text/html": [
       "<div>\n",
       "<style scoped>\n",
       "    .dataframe tbody tr th:only-of-type {\n",
       "        vertical-align: middle;\n",
       "    }\n",
       "\n",
       "    .dataframe tbody tr th {\n",
       "        vertical-align: top;\n",
       "    }\n",
       "\n",
       "    .dataframe thead th {\n",
       "        text-align: right;\n",
       "    }\n",
       "</style>\n",
       "<table border=\"1\" class=\"dataframe\">\n",
       "  <thead>\n",
       "    <tr style=\"text-align: right;\">\n",
       "      <th></th>\n",
       "      <th>Age</th>\n",
       "      <th>Gender</th>\n",
       "      <th>BMI</th>\n",
       "      <th>SBP</th>\n",
       "      <th>DBP</th>\n",
       "      <th>FPG</th>\n",
       "      <th>Chol</th>\n",
       "      <th>Tri</th>\n",
       "      <th>HDL</th>\n",
       "      <th>LDL</th>\n",
       "      <th>ALT</th>\n",
       "      <th>BUN</th>\n",
       "      <th>CCR</th>\n",
       "      <th>FFPG</th>\n",
       "      <th>smoking</th>\n",
       "      <th>drinking</th>\n",
       "      <th>family_histroy</th>\n",
       "      <th>Diabetes</th>\n",
       "    </tr>\n",
       "  </thead>\n",
       "  <tbody>\n",
       "    <tr>\n",
       "      <th>0</th>\n",
       "      <td>26</td>\n",
       "      <td>1</td>\n",
       "      <td>20.1</td>\n",
       "      <td>119</td>\n",
       "      <td>81</td>\n",
       "      <td>5.80</td>\n",
       "      <td>4.36</td>\n",
       "      <td>0.86</td>\n",
       "      <td>0.90</td>\n",
       "      <td>2.43</td>\n",
       "      <td>12.0</td>\n",
       "      <td>5.40</td>\n",
       "      <td>63.8</td>\n",
       "      <td>5.40</td>\n",
       "      <td>3.000000</td>\n",
       "      <td>3.000000</td>\n",
       "      <td>0</td>\n",
       "      <td>0</td>\n",
       "    </tr>\n",
       "    <tr>\n",
       "      <th>1</th>\n",
       "      <td>40</td>\n",
       "      <td>1</td>\n",
       "      <td>17.7</td>\n",
       "      <td>97</td>\n",
       "      <td>54</td>\n",
       "      <td>4.60</td>\n",
       "      <td>3.70</td>\n",
       "      <td>1.02</td>\n",
       "      <td>1.50</td>\n",
       "      <td>2.04</td>\n",
       "      <td>9.2</td>\n",
       "      <td>3.70</td>\n",
       "      <td>70.3</td>\n",
       "      <td>4.10</td>\n",
       "      <td>1.000000</td>\n",
       "      <td>1.000000</td>\n",
       "      <td>0</td>\n",
       "      <td>0</td>\n",
       "    </tr>\n",
       "    <tr>\n",
       "      <th>2</th>\n",
       "      <td>40</td>\n",
       "      <td>2</td>\n",
       "      <td>19.7</td>\n",
       "      <td>85</td>\n",
       "      <td>53</td>\n",
       "      <td>5.30</td>\n",
       "      <td>5.87</td>\n",
       "      <td>1.29</td>\n",
       "      <td>1.75</td>\n",
       "      <td>3.37</td>\n",
       "      <td>10.1</td>\n",
       "      <td>4.10</td>\n",
       "      <td>61.1</td>\n",
       "      <td>4.85</td>\n",
       "      <td>3.000000</td>\n",
       "      <td>3.000000</td>\n",
       "      <td>0</td>\n",
       "      <td>0</td>\n",
       "    </tr>\n",
       "    <tr>\n",
       "      <th>3</th>\n",
       "      <td>43</td>\n",
       "      <td>1</td>\n",
       "      <td>23.1</td>\n",
       "      <td>111</td>\n",
       "      <td>71</td>\n",
       "      <td>4.50</td>\n",
       "      <td>4.05</td>\n",
       "      <td>0.74</td>\n",
       "      <td>1.27</td>\n",
       "      <td>2.60</td>\n",
       "      <td>36.5</td>\n",
       "      <td>4.38</td>\n",
       "      <td>73.4</td>\n",
       "      <td>5.30</td>\n",
       "      <td>2.000000</td>\n",
       "      <td>3.000000</td>\n",
       "      <td>0</td>\n",
       "      <td>0</td>\n",
       "    </tr>\n",
       "    <tr>\n",
       "      <th>4</th>\n",
       "      <td>36</td>\n",
       "      <td>1</td>\n",
       "      <td>26.5</td>\n",
       "      <td>130</td>\n",
       "      <td>82</td>\n",
       "      <td>5.54</td>\n",
       "      <td>6.69</td>\n",
       "      <td>3.49</td>\n",
       "      <td>0.91</td>\n",
       "      <td>3.64</td>\n",
       "      <td>69.3</td>\n",
       "      <td>3.86</td>\n",
       "      <td>67.5</td>\n",
       "      <td>5.53</td>\n",
       "      <td>3.000000</td>\n",
       "      <td>3.000000</td>\n",
       "      <td>0</td>\n",
       "      <td>0</td>\n",
       "    </tr>\n",
       "    <tr>\n",
       "      <th>...</th>\n",
       "      <td>...</td>\n",
       "      <td>...</td>\n",
       "      <td>...</td>\n",
       "      <td>...</td>\n",
       "      <td>...</td>\n",
       "      <td>...</td>\n",
       "      <td>...</td>\n",
       "      <td>...</td>\n",
       "      <td>...</td>\n",
       "      <td>...</td>\n",
       "      <td>...</td>\n",
       "      <td>...</td>\n",
       "      <td>...</td>\n",
       "      <td>...</td>\n",
       "      <td>...</td>\n",
       "      <td>...</td>\n",
       "      <td>...</td>\n",
       "      <td>...</td>\n",
       "    </tr>\n",
       "    <tr>\n",
       "      <th>4298</th>\n",
       "      <td>54</td>\n",
       "      <td>1</td>\n",
       "      <td>23.4</td>\n",
       "      <td>126</td>\n",
       "      <td>75</td>\n",
       "      <td>6.82</td>\n",
       "      <td>5.00</td>\n",
       "      <td>1.50</td>\n",
       "      <td>1.24</td>\n",
       "      <td>2.98</td>\n",
       "      <td>8.0</td>\n",
       "      <td>3.50</td>\n",
       "      <td>77.0</td>\n",
       "      <td>6.70</td>\n",
       "      <td>1.000000</td>\n",
       "      <td>3.000000</td>\n",
       "      <td>0</td>\n",
       "      <td>1</td>\n",
       "    </tr>\n",
       "    <tr>\n",
       "      <th>4299</th>\n",
       "      <td>50</td>\n",
       "      <td>2</td>\n",
       "      <td>22.3</td>\n",
       "      <td>115</td>\n",
       "      <td>84</td>\n",
       "      <td>5.32</td>\n",
       "      <td>4.37</td>\n",
       "      <td>2.09</td>\n",
       "      <td>1.37</td>\n",
       "      <td>2.29</td>\n",
       "      <td>21.2</td>\n",
       "      <td>4.40</td>\n",
       "      <td>47.3</td>\n",
       "      <td>6.55</td>\n",
       "      <td>4.860753</td>\n",
       "      <td>4.860753</td>\n",
       "      <td>0</td>\n",
       "      <td>1</td>\n",
       "    </tr>\n",
       "    <tr>\n",
       "      <th>4300</th>\n",
       "      <td>67</td>\n",
       "      <td>1</td>\n",
       "      <td>24.6</td>\n",
       "      <td>138</td>\n",
       "      <td>81</td>\n",
       "      <td>4.85</td>\n",
       "      <td>3.89</td>\n",
       "      <td>1.38</td>\n",
       "      <td>1.14</td>\n",
       "      <td>2.17</td>\n",
       "      <td>18.1</td>\n",
       "      <td>4.73</td>\n",
       "      <td>70.6</td>\n",
       "      <td>6.80</td>\n",
       "      <td>3.000000</td>\n",
       "      <td>3.000000</td>\n",
       "      <td>0</td>\n",
       "      <td>1</td>\n",
       "    </tr>\n",
       "    <tr>\n",
       "      <th>4301</th>\n",
       "      <td>60</td>\n",
       "      <td>2</td>\n",
       "      <td>29.0</td>\n",
       "      <td>101</td>\n",
       "      <td>60</td>\n",
       "      <td>6.70</td>\n",
       "      <td>5.91</td>\n",
       "      <td>1.29</td>\n",
       "      <td>1.73</td>\n",
       "      <td>2.85</td>\n",
       "      <td>18.9</td>\n",
       "      <td>7.33</td>\n",
       "      <td>50.2</td>\n",
       "      <td>7.00</td>\n",
       "      <td>3.000000</td>\n",
       "      <td>3.000000</td>\n",
       "      <td>0</td>\n",
       "      <td>1</td>\n",
       "    </tr>\n",
       "    <tr>\n",
       "      <th>4302</th>\n",
       "      <td>37</td>\n",
       "      <td>1</td>\n",
       "      <td>34.3</td>\n",
       "      <td>120</td>\n",
       "      <td>71</td>\n",
       "      <td>4.97</td>\n",
       "      <td>5.42</td>\n",
       "      <td>2.66</td>\n",
       "      <td>1.08</td>\n",
       "      <td>2.87</td>\n",
       "      <td>81.0</td>\n",
       "      <td>4.61</td>\n",
       "      <td>75.5</td>\n",
       "      <td>8.20</td>\n",
       "      <td>1.000000</td>\n",
       "      <td>2.000000</td>\n",
       "      <td>0</td>\n",
       "      <td>1</td>\n",
       "    </tr>\n",
       "  </tbody>\n",
       "</table>\n",
       "<p>4303 rows × 18 columns</p>\n",
       "</div>"
      ],
      "text/plain": [
       "      Age  Gender   BMI  SBP  DBP   FPG  Chol   Tri   HDL   LDL   ALT   BUN  \\\n",
       "0      26       1  20.1  119   81  5.80  4.36  0.86  0.90  2.43  12.0  5.40   \n",
       "1      40       1  17.7   97   54  4.60  3.70  1.02  1.50  2.04   9.2  3.70   \n",
       "2      40       2  19.7   85   53  5.30  5.87  1.29  1.75  3.37  10.1  4.10   \n",
       "3      43       1  23.1  111   71  4.50  4.05  0.74  1.27  2.60  36.5  4.38   \n",
       "4      36       1  26.5  130   82  5.54  6.69  3.49  0.91  3.64  69.3  3.86   \n",
       "...   ...     ...   ...  ...  ...   ...   ...   ...   ...   ...   ...   ...   \n",
       "4298   54       1  23.4  126   75  6.82  5.00  1.50  1.24  2.98   8.0  3.50   \n",
       "4299   50       2  22.3  115   84  5.32  4.37  2.09  1.37  2.29  21.2  4.40   \n",
       "4300   67       1  24.6  138   81  4.85  3.89  1.38  1.14  2.17  18.1  4.73   \n",
       "4301   60       2  29.0  101   60  6.70  5.91  1.29  1.73  2.85  18.9  7.33   \n",
       "4302   37       1  34.3  120   71  4.97  5.42  2.66  1.08  2.87  81.0  4.61   \n",
       "\n",
       "       CCR  FFPG   smoking  drinking  family_histroy  Diabetes  \n",
       "0     63.8  5.40  3.000000  3.000000               0         0  \n",
       "1     70.3  4.10  1.000000  1.000000               0         0  \n",
       "2     61.1  4.85  3.000000  3.000000               0         0  \n",
       "3     73.4  5.30  2.000000  3.000000               0         0  \n",
       "4     67.5  5.53  3.000000  3.000000               0         0  \n",
       "...    ...   ...       ...       ...             ...       ...  \n",
       "4298  77.0  6.70  1.000000  3.000000               0         1  \n",
       "4299  47.3  6.55  4.860753  4.860753               0         1  \n",
       "4300  70.6  6.80  3.000000  3.000000               0         1  \n",
       "4301  50.2  7.00  3.000000  3.000000               0         1  \n",
       "4302  75.5  8.20  1.000000  2.000000               0         1  \n",
       "\n",
       "[4303 rows x 18 columns]"
      ]
     },
     "execution_count": 3,
     "metadata": {},
     "output_type": "execute_result"
    }
   ],
   "source": [
    "# Import the first dataset and set the date as the index\n",
    "diabetes_df = pd.read_csv(\"diabetes.csv\")\n",
    "diabetes_df"
   ]
  },
  {
   "cell_type": "markdown",
   "metadata": {},
   "source": [
    "--- \n",
    "### Model planning\n",
    "You will now need to understand which variables have a relationship from the prepared data. Identifying the strength and direction of the relationships will help you to build a useful model, within the remit of the task. <br><br>\n",
    "Create a correlation matrix, to establish which variables you wish to use. We will only use 1 indepednent and 1 depedant variable for this model. "
   ]
  },
  {
   "cell_type": "code",
   "execution_count": 4,
   "metadata": {},
   "outputs": [
    {
     "data": {
      "text/html": [
       "<div>\n",
       "<style scoped>\n",
       "    .dataframe tbody tr th:only-of-type {\n",
       "        vertical-align: middle;\n",
       "    }\n",
       "\n",
       "    .dataframe tbody tr th {\n",
       "        vertical-align: top;\n",
       "    }\n",
       "\n",
       "    .dataframe thead th {\n",
       "        text-align: right;\n",
       "    }\n",
       "</style>\n",
       "<table border=\"1\" class=\"dataframe\">\n",
       "  <thead>\n",
       "    <tr style=\"text-align: right;\">\n",
       "      <th></th>\n",
       "      <th>Age</th>\n",
       "      <th>Gender</th>\n",
       "      <th>BMI</th>\n",
       "      <th>SBP</th>\n",
       "      <th>DBP</th>\n",
       "      <th>FPG</th>\n",
       "      <th>Chol</th>\n",
       "      <th>Tri</th>\n",
       "      <th>HDL</th>\n",
       "      <th>LDL</th>\n",
       "      <th>ALT</th>\n",
       "      <th>BUN</th>\n",
       "      <th>CCR</th>\n",
       "      <th>FFPG</th>\n",
       "      <th>smoking</th>\n",
       "      <th>drinking</th>\n",
       "      <th>family_histroy</th>\n",
       "      <th>Diabetes</th>\n",
       "    </tr>\n",
       "  </thead>\n",
       "  <tbody>\n",
       "    <tr>\n",
       "      <th>Age</th>\n",
       "      <td>1.000000</td>\n",
       "      <td>0.004783</td>\n",
       "      <td>0.232346</td>\n",
       "      <td>0.437992</td>\n",
       "      <td>0.230389</td>\n",
       "      <td>0.370798</td>\n",
       "      <td>0.242679</td>\n",
       "      <td>0.163353</td>\n",
       "      <td>0.213133</td>\n",
       "      <td>0.295938</td>\n",
       "      <td>-0.036210</td>\n",
       "      <td>0.276961</td>\n",
       "      <td>0.023667</td>\n",
       "      <td>0.359268</td>\n",
       "      <td>0.244430</td>\n",
       "      <td>0.370963</td>\n",
       "      <td>-0.037955</td>\n",
       "      <td>0.521380</td>\n",
       "    </tr>\n",
       "    <tr>\n",
       "      <th>Gender</th>\n",
       "      <td>0.004783</td>\n",
       "      <td>1.000000</td>\n",
       "      <td>-0.252456</td>\n",
       "      <td>-0.125792</td>\n",
       "      <td>-0.186603</td>\n",
       "      <td>-0.073297</td>\n",
       "      <td>0.055566</td>\n",
       "      <td>-0.155444</td>\n",
       "      <td>0.072716</td>\n",
       "      <td>0.001364</td>\n",
       "      <td>-0.235779</td>\n",
       "      <td>-0.147157</td>\n",
       "      <td>-0.602743</td>\n",
       "      <td>-0.049288</td>\n",
       "      <td>0.261566</td>\n",
       "      <td>0.158599</td>\n",
       "      <td>0.066452</td>\n",
       "      <td>0.007251</td>\n",
       "    </tr>\n",
       "    <tr>\n",
       "      <th>BMI</th>\n",
       "      <td>0.232346</td>\n",
       "      <td>-0.252456</td>\n",
       "      <td>1.000000</td>\n",
       "      <td>0.328772</td>\n",
       "      <td>0.318889</td>\n",
       "      <td>0.270508</td>\n",
       "      <td>0.173834</td>\n",
       "      <td>0.315455</td>\n",
       "      <td>0.047260</td>\n",
       "      <td>0.201447</td>\n",
       "      <td>0.343488</td>\n",
       "      <td>0.107482</td>\n",
       "      <td>0.155089</td>\n",
       "      <td>0.247893</td>\n",
       "      <td>0.036824</td>\n",
       "      <td>0.105632</td>\n",
       "      <td>0.013928</td>\n",
       "      <td>0.236583</td>\n",
       "    </tr>\n",
       "    <tr>\n",
       "      <th>SBP</th>\n",
       "      <td>0.437992</td>\n",
       "      <td>-0.125792</td>\n",
       "      <td>0.328772</td>\n",
       "      <td>1.000000</td>\n",
       "      <td>0.651806</td>\n",
       "      <td>0.263391</td>\n",
       "      <td>0.164950</td>\n",
       "      <td>0.196480</td>\n",
       "      <td>0.089887</td>\n",
       "      <td>0.167468</td>\n",
       "      <td>0.111913</td>\n",
       "      <td>0.143541</td>\n",
       "      <td>0.088885</td>\n",
       "      <td>0.221215</td>\n",
       "      <td>0.139364</td>\n",
       "      <td>0.180866</td>\n",
       "      <td>-0.052285</td>\n",
       "      <td>0.282476</td>\n",
       "    </tr>\n",
       "    <tr>\n",
       "      <th>DBP</th>\n",
       "      <td>0.230389</td>\n",
       "      <td>-0.186603</td>\n",
       "      <td>0.318889</td>\n",
       "      <td>0.651806</td>\n",
       "      <td>1.000000</td>\n",
       "      <td>0.178995</td>\n",
       "      <td>0.141619</td>\n",
       "      <td>0.194973</td>\n",
       "      <td>0.048761</td>\n",
       "      <td>0.146217</td>\n",
       "      <td>0.158603</td>\n",
       "      <td>0.087696</td>\n",
       "      <td>0.103241</td>\n",
       "      <td>0.167874</td>\n",
       "      <td>0.037215</td>\n",
       "      <td>0.084919</td>\n",
       "      <td>-0.012258</td>\n",
       "      <td>0.169963</td>\n",
       "    </tr>\n",
       "    <tr>\n",
       "      <th>FPG</th>\n",
       "      <td>0.370798</td>\n",
       "      <td>-0.073297</td>\n",
       "      <td>0.270508</td>\n",
       "      <td>0.263391</td>\n",
       "      <td>0.178995</td>\n",
       "      <td>1.000000</td>\n",
       "      <td>0.163499</td>\n",
       "      <td>0.212294</td>\n",
       "      <td>0.201780</td>\n",
       "      <td>0.239304</td>\n",
       "      <td>0.113730</td>\n",
       "      <td>0.169327</td>\n",
       "      <td>0.039803</td>\n",
       "      <td>0.473931</td>\n",
       "      <td>0.278685</td>\n",
       "      <td>0.348008</td>\n",
       "      <td>0.001427</td>\n",
       "      <td>0.515342</td>\n",
       "    </tr>\n",
       "    <tr>\n",
       "      <th>Chol</th>\n",
       "      <td>0.242679</td>\n",
       "      <td>0.055566</td>\n",
       "      <td>0.173834</td>\n",
       "      <td>0.164950</td>\n",
       "      <td>0.141619</td>\n",
       "      <td>0.163499</td>\n",
       "      <td>1.000000</td>\n",
       "      <td>0.335038</td>\n",
       "      <td>0.114105</td>\n",
       "      <td>0.651530</td>\n",
       "      <td>0.151360</td>\n",
       "      <td>0.129534</td>\n",
       "      <td>-0.004502</td>\n",
       "      <td>0.106131</td>\n",
       "      <td>0.038658</td>\n",
       "      <td>0.075083</td>\n",
       "      <td>-0.002684</td>\n",
       "      <td>0.124310</td>\n",
       "    </tr>\n",
       "    <tr>\n",
       "      <th>Tri</th>\n",
       "      <td>0.163353</td>\n",
       "      <td>-0.155444</td>\n",
       "      <td>0.315455</td>\n",
       "      <td>0.196480</td>\n",
       "      <td>0.194973</td>\n",
       "      <td>0.212294</td>\n",
       "      <td>0.335038</td>\n",
       "      <td>1.000000</td>\n",
       "      <td>0.048405</td>\n",
       "      <td>0.158445</td>\n",
       "      <td>0.245089</td>\n",
       "      <td>0.044594</td>\n",
       "      <td>0.090810</td>\n",
       "      <td>0.165935</td>\n",
       "      <td>-0.004733</td>\n",
       "      <td>0.055889</td>\n",
       "      <td>0.012511</td>\n",
       "      <td>0.169151</td>\n",
       "    </tr>\n",
       "    <tr>\n",
       "      <th>HDL</th>\n",
       "      <td>0.213133</td>\n",
       "      <td>0.072716</td>\n",
       "      <td>0.047260</td>\n",
       "      <td>0.089887</td>\n",
       "      <td>0.048761</td>\n",
       "      <td>0.201780</td>\n",
       "      <td>0.114105</td>\n",
       "      <td>0.048405</td>\n",
       "      <td>1.000000</td>\n",
       "      <td>0.655013</td>\n",
       "      <td>0.005198</td>\n",
       "      <td>0.056119</td>\n",
       "      <td>-0.147407</td>\n",
       "      <td>0.244480</td>\n",
       "      <td>0.262487</td>\n",
       "      <td>0.295627</td>\n",
       "      <td>0.039533</td>\n",
       "      <td>0.453618</td>\n",
       "    </tr>\n",
       "    <tr>\n",
       "      <th>LDL</th>\n",
       "      <td>0.295938</td>\n",
       "      <td>0.001364</td>\n",
       "      <td>0.201447</td>\n",
       "      <td>0.167468</td>\n",
       "      <td>0.146217</td>\n",
       "      <td>0.239304</td>\n",
       "      <td>0.651530</td>\n",
       "      <td>0.158445</td>\n",
       "      <td>0.655013</td>\n",
       "      <td>1.000000</td>\n",
       "      <td>0.120501</td>\n",
       "      <td>0.129122</td>\n",
       "      <td>-0.061717</td>\n",
       "      <td>0.242597</td>\n",
       "      <td>0.176180</td>\n",
       "      <td>0.254001</td>\n",
       "      <td>0.026949</td>\n",
       "      <td>0.386235</td>\n",
       "    </tr>\n",
       "    <tr>\n",
       "      <th>ALT</th>\n",
       "      <td>-0.036210</td>\n",
       "      <td>-0.235779</td>\n",
       "      <td>0.343488</td>\n",
       "      <td>0.111913</td>\n",
       "      <td>0.158603</td>\n",
       "      <td>0.113730</td>\n",
       "      <td>0.151360</td>\n",
       "      <td>0.245089</td>\n",
       "      <td>0.005198</td>\n",
       "      <td>0.120501</td>\n",
       "      <td>1.000000</td>\n",
       "      <td>0.016162</td>\n",
       "      <td>0.111508</td>\n",
       "      <td>0.100760</td>\n",
       "      <td>-0.062541</td>\n",
       "      <td>-0.018567</td>\n",
       "      <td>0.039442</td>\n",
       "      <td>0.060568</td>\n",
       "    </tr>\n",
       "    <tr>\n",
       "      <th>BUN</th>\n",
       "      <td>0.276961</td>\n",
       "      <td>-0.147157</td>\n",
       "      <td>0.107482</td>\n",
       "      <td>0.143541</td>\n",
       "      <td>0.087696</td>\n",
       "      <td>0.169327</td>\n",
       "      <td>0.129534</td>\n",
       "      <td>0.044594</td>\n",
       "      <td>0.056119</td>\n",
       "      <td>0.129122</td>\n",
       "      <td>0.016162</td>\n",
       "      <td>1.000000</td>\n",
       "      <td>0.308795</td>\n",
       "      <td>0.113065</td>\n",
       "      <td>0.035584</td>\n",
       "      <td>0.083869</td>\n",
       "      <td>-0.017801</td>\n",
       "      <td>0.148571</td>\n",
       "    </tr>\n",
       "    <tr>\n",
       "      <th>CCR</th>\n",
       "      <td>0.023667</td>\n",
       "      <td>-0.602743</td>\n",
       "      <td>0.155089</td>\n",
       "      <td>0.088885</td>\n",
       "      <td>0.103241</td>\n",
       "      <td>0.039803</td>\n",
       "      <td>-0.004502</td>\n",
       "      <td>0.090810</td>\n",
       "      <td>-0.147407</td>\n",
       "      <td>-0.061717</td>\n",
       "      <td>0.111508</td>\n",
       "      <td>0.308795</td>\n",
       "      <td>1.000000</td>\n",
       "      <td>0.000246</td>\n",
       "      <td>-0.170457</td>\n",
       "      <td>-0.130231</td>\n",
       "      <td>-0.041269</td>\n",
       "      <td>-0.067295</td>\n",
       "    </tr>\n",
       "    <tr>\n",
       "      <th>FFPG</th>\n",
       "      <td>0.359268</td>\n",
       "      <td>-0.049288</td>\n",
       "      <td>0.247893</td>\n",
       "      <td>0.221215</td>\n",
       "      <td>0.167874</td>\n",
       "      <td>0.473931</td>\n",
       "      <td>0.106131</td>\n",
       "      <td>0.165935</td>\n",
       "      <td>0.244480</td>\n",
       "      <td>0.242597</td>\n",
       "      <td>0.100760</td>\n",
       "      <td>0.113065</td>\n",
       "      <td>0.000246</td>\n",
       "      <td>1.000000</td>\n",
       "      <td>0.302943</td>\n",
       "      <td>0.410148</td>\n",
       "      <td>0.036603</td>\n",
       "      <td>0.583107</td>\n",
       "    </tr>\n",
       "    <tr>\n",
       "      <th>smoking</th>\n",
       "      <td>0.244430</td>\n",
       "      <td>0.261566</td>\n",
       "      <td>0.036824</td>\n",
       "      <td>0.139364</td>\n",
       "      <td>0.037215</td>\n",
       "      <td>0.278685</td>\n",
       "      <td>0.038658</td>\n",
       "      <td>-0.004733</td>\n",
       "      <td>0.262487</td>\n",
       "      <td>0.176180</td>\n",
       "      <td>-0.062541</td>\n",
       "      <td>0.035584</td>\n",
       "      <td>-0.170457</td>\n",
       "      <td>0.302943</td>\n",
       "      <td>1.000000</td>\n",
       "      <td>0.766804</td>\n",
       "      <td>-0.020774</td>\n",
       "      <td>0.569857</td>\n",
       "    </tr>\n",
       "    <tr>\n",
       "      <th>drinking</th>\n",
       "      <td>0.370963</td>\n",
       "      <td>0.158599</td>\n",
       "      <td>0.105632</td>\n",
       "      <td>0.180866</td>\n",
       "      <td>0.084919</td>\n",
       "      <td>0.348008</td>\n",
       "      <td>0.075083</td>\n",
       "      <td>0.055889</td>\n",
       "      <td>0.295627</td>\n",
       "      <td>0.254001</td>\n",
       "      <td>-0.018567</td>\n",
       "      <td>0.083869</td>\n",
       "      <td>-0.130231</td>\n",
       "      <td>0.410148</td>\n",
       "      <td>0.766804</td>\n",
       "      <td>1.000000</td>\n",
       "      <td>-0.044013</td>\n",
       "      <td>0.706582</td>\n",
       "    </tr>\n",
       "    <tr>\n",
       "      <th>family_histroy</th>\n",
       "      <td>-0.037955</td>\n",
       "      <td>0.066452</td>\n",
       "      <td>0.013928</td>\n",
       "      <td>-0.052285</td>\n",
       "      <td>-0.012258</td>\n",
       "      <td>0.001427</td>\n",
       "      <td>-0.002684</td>\n",
       "      <td>0.012511</td>\n",
       "      <td>0.039533</td>\n",
       "      <td>0.026949</td>\n",
       "      <td>0.039442</td>\n",
       "      <td>-0.017801</td>\n",
       "      <td>-0.041269</td>\n",
       "      <td>0.036603</td>\n",
       "      <td>-0.020774</td>\n",
       "      <td>-0.044013</td>\n",
       "      <td>1.000000</td>\n",
       "      <td>0.028939</td>\n",
       "    </tr>\n",
       "    <tr>\n",
       "      <th>Diabetes</th>\n",
       "      <td>0.521380</td>\n",
       "      <td>0.007251</td>\n",
       "      <td>0.236583</td>\n",
       "      <td>0.282476</td>\n",
       "      <td>0.169963</td>\n",
       "      <td>0.515342</td>\n",
       "      <td>0.124310</td>\n",
       "      <td>0.169151</td>\n",
       "      <td>0.453618</td>\n",
       "      <td>0.386235</td>\n",
       "      <td>0.060568</td>\n",
       "      <td>0.148571</td>\n",
       "      <td>-0.067295</td>\n",
       "      <td>0.583107</td>\n",
       "      <td>0.569857</td>\n",
       "      <td>0.706582</td>\n",
       "      <td>0.028939</td>\n",
       "      <td>1.000000</td>\n",
       "    </tr>\n",
       "  </tbody>\n",
       "</table>\n",
       "</div>"
      ],
      "text/plain": [
       "                     Age    Gender       BMI       SBP       DBP       FPG  \\\n",
       "Age             1.000000  0.004783  0.232346  0.437992  0.230389  0.370798   \n",
       "Gender          0.004783  1.000000 -0.252456 -0.125792 -0.186603 -0.073297   \n",
       "BMI             0.232346 -0.252456  1.000000  0.328772  0.318889  0.270508   \n",
       "SBP             0.437992 -0.125792  0.328772  1.000000  0.651806  0.263391   \n",
       "DBP             0.230389 -0.186603  0.318889  0.651806  1.000000  0.178995   \n",
       "FPG             0.370798 -0.073297  0.270508  0.263391  0.178995  1.000000   \n",
       "Chol            0.242679  0.055566  0.173834  0.164950  0.141619  0.163499   \n",
       "Tri             0.163353 -0.155444  0.315455  0.196480  0.194973  0.212294   \n",
       "HDL             0.213133  0.072716  0.047260  0.089887  0.048761  0.201780   \n",
       "LDL             0.295938  0.001364  0.201447  0.167468  0.146217  0.239304   \n",
       "ALT            -0.036210 -0.235779  0.343488  0.111913  0.158603  0.113730   \n",
       "BUN             0.276961 -0.147157  0.107482  0.143541  0.087696  0.169327   \n",
       "CCR             0.023667 -0.602743  0.155089  0.088885  0.103241  0.039803   \n",
       "FFPG            0.359268 -0.049288  0.247893  0.221215  0.167874  0.473931   \n",
       "smoking         0.244430  0.261566  0.036824  0.139364  0.037215  0.278685   \n",
       "drinking        0.370963  0.158599  0.105632  0.180866  0.084919  0.348008   \n",
       "family_histroy -0.037955  0.066452  0.013928 -0.052285 -0.012258  0.001427   \n",
       "Diabetes        0.521380  0.007251  0.236583  0.282476  0.169963  0.515342   \n",
       "\n",
       "                    Chol       Tri       HDL       LDL       ALT       BUN  \\\n",
       "Age             0.242679  0.163353  0.213133  0.295938 -0.036210  0.276961   \n",
       "Gender          0.055566 -0.155444  0.072716  0.001364 -0.235779 -0.147157   \n",
       "BMI             0.173834  0.315455  0.047260  0.201447  0.343488  0.107482   \n",
       "SBP             0.164950  0.196480  0.089887  0.167468  0.111913  0.143541   \n",
       "DBP             0.141619  0.194973  0.048761  0.146217  0.158603  0.087696   \n",
       "FPG             0.163499  0.212294  0.201780  0.239304  0.113730  0.169327   \n",
       "Chol            1.000000  0.335038  0.114105  0.651530  0.151360  0.129534   \n",
       "Tri             0.335038  1.000000  0.048405  0.158445  0.245089  0.044594   \n",
       "HDL             0.114105  0.048405  1.000000  0.655013  0.005198  0.056119   \n",
       "LDL             0.651530  0.158445  0.655013  1.000000  0.120501  0.129122   \n",
       "ALT             0.151360  0.245089  0.005198  0.120501  1.000000  0.016162   \n",
       "BUN             0.129534  0.044594  0.056119  0.129122  0.016162  1.000000   \n",
       "CCR            -0.004502  0.090810 -0.147407 -0.061717  0.111508  0.308795   \n",
       "FFPG            0.106131  0.165935  0.244480  0.242597  0.100760  0.113065   \n",
       "smoking         0.038658 -0.004733  0.262487  0.176180 -0.062541  0.035584   \n",
       "drinking        0.075083  0.055889  0.295627  0.254001 -0.018567  0.083869   \n",
       "family_histroy -0.002684  0.012511  0.039533  0.026949  0.039442 -0.017801   \n",
       "Diabetes        0.124310  0.169151  0.453618  0.386235  0.060568  0.148571   \n",
       "\n",
       "                     CCR      FFPG   smoking  drinking  family_histroy  \\\n",
       "Age             0.023667  0.359268  0.244430  0.370963       -0.037955   \n",
       "Gender         -0.602743 -0.049288  0.261566  0.158599        0.066452   \n",
       "BMI             0.155089  0.247893  0.036824  0.105632        0.013928   \n",
       "SBP             0.088885  0.221215  0.139364  0.180866       -0.052285   \n",
       "DBP             0.103241  0.167874  0.037215  0.084919       -0.012258   \n",
       "FPG             0.039803  0.473931  0.278685  0.348008        0.001427   \n",
       "Chol           -0.004502  0.106131  0.038658  0.075083       -0.002684   \n",
       "Tri             0.090810  0.165935 -0.004733  0.055889        0.012511   \n",
       "HDL            -0.147407  0.244480  0.262487  0.295627        0.039533   \n",
       "LDL            -0.061717  0.242597  0.176180  0.254001        0.026949   \n",
       "ALT             0.111508  0.100760 -0.062541 -0.018567        0.039442   \n",
       "BUN             0.308795  0.113065  0.035584  0.083869       -0.017801   \n",
       "CCR             1.000000  0.000246 -0.170457 -0.130231       -0.041269   \n",
       "FFPG            0.000246  1.000000  0.302943  0.410148        0.036603   \n",
       "smoking        -0.170457  0.302943  1.000000  0.766804       -0.020774   \n",
       "drinking       -0.130231  0.410148  0.766804  1.000000       -0.044013   \n",
       "family_histroy -0.041269  0.036603 -0.020774 -0.044013        1.000000   \n",
       "Diabetes       -0.067295  0.583107  0.569857  0.706582        0.028939   \n",
       "\n",
       "                Diabetes  \n",
       "Age             0.521380  \n",
       "Gender          0.007251  \n",
       "BMI             0.236583  \n",
       "SBP             0.282476  \n",
       "DBP             0.169963  \n",
       "FPG             0.515342  \n",
       "Chol            0.124310  \n",
       "Tri             0.169151  \n",
       "HDL             0.453618  \n",
       "LDL             0.386235  \n",
       "ALT             0.060568  \n",
       "BUN             0.148571  \n",
       "CCR            -0.067295  \n",
       "FFPG            0.583107  \n",
       "smoking         0.569857  \n",
       "drinking        0.706582  \n",
       "family_histroy  0.028939  \n",
       "Diabetes        1.000000  "
      ]
     },
     "execution_count": 4,
     "metadata": {},
     "output_type": "execute_result"
    }
   ],
   "source": [
    "# Use price as dependent and select another appropriate variable to predict the output. \n",
    "dia_corr = diabetes_df.corr()\n",
    "dia_corr"
   ]
  },
  {
   "cell_type": "markdown",
   "metadata": {},
   "source": [
    "Strip out some of the values from the dataset, I want to include the following columns:\n",
    "- Chol\n",
    "- Age\n",
    "- Tri\n",
    "- LDL"
   ]
  },
  {
   "cell_type": "code",
   "execution_count": 5,
   "metadata": {},
   "outputs": [
    {
     "data": {
      "text/html": [
       "<div>\n",
       "<style scoped>\n",
       "    .dataframe tbody tr th:only-of-type {\n",
       "        vertical-align: middle;\n",
       "    }\n",
       "\n",
       "    .dataframe tbody tr th {\n",
       "        vertical-align: top;\n",
       "    }\n",
       "\n",
       "    .dataframe thead th {\n",
       "        text-align: right;\n",
       "    }\n",
       "</style>\n",
       "<table border=\"1\" class=\"dataframe\">\n",
       "  <thead>\n",
       "    <tr style=\"text-align: right;\">\n",
       "      <th></th>\n",
       "      <th>Chol</th>\n",
       "      <th>Age</th>\n",
       "      <th>Tri</th>\n",
       "      <th>LDL</th>\n",
       "    </tr>\n",
       "  </thead>\n",
       "  <tbody>\n",
       "    <tr>\n",
       "      <th>0</th>\n",
       "      <td>4.36</td>\n",
       "      <td>26</td>\n",
       "      <td>0.86</td>\n",
       "      <td>2.43</td>\n",
       "    </tr>\n",
       "    <tr>\n",
       "      <th>1</th>\n",
       "      <td>3.70</td>\n",
       "      <td>40</td>\n",
       "      <td>1.02</td>\n",
       "      <td>2.04</td>\n",
       "    </tr>\n",
       "    <tr>\n",
       "      <th>2</th>\n",
       "      <td>5.87</td>\n",
       "      <td>40</td>\n",
       "      <td>1.29</td>\n",
       "      <td>3.37</td>\n",
       "    </tr>\n",
       "    <tr>\n",
       "      <th>3</th>\n",
       "      <td>4.05</td>\n",
       "      <td>43</td>\n",
       "      <td>0.74</td>\n",
       "      <td>2.60</td>\n",
       "    </tr>\n",
       "    <tr>\n",
       "      <th>4</th>\n",
       "      <td>6.69</td>\n",
       "      <td>36</td>\n",
       "      <td>3.49</td>\n",
       "      <td>3.64</td>\n",
       "    </tr>\n",
       "    <tr>\n",
       "      <th>...</th>\n",
       "      <td>...</td>\n",
       "      <td>...</td>\n",
       "      <td>...</td>\n",
       "      <td>...</td>\n",
       "    </tr>\n",
       "    <tr>\n",
       "      <th>4298</th>\n",
       "      <td>5.00</td>\n",
       "      <td>54</td>\n",
       "      <td>1.50</td>\n",
       "      <td>2.98</td>\n",
       "    </tr>\n",
       "    <tr>\n",
       "      <th>4299</th>\n",
       "      <td>4.37</td>\n",
       "      <td>50</td>\n",
       "      <td>2.09</td>\n",
       "      <td>2.29</td>\n",
       "    </tr>\n",
       "    <tr>\n",
       "      <th>4300</th>\n",
       "      <td>3.89</td>\n",
       "      <td>67</td>\n",
       "      <td>1.38</td>\n",
       "      <td>2.17</td>\n",
       "    </tr>\n",
       "    <tr>\n",
       "      <th>4301</th>\n",
       "      <td>5.91</td>\n",
       "      <td>60</td>\n",
       "      <td>1.29</td>\n",
       "      <td>2.85</td>\n",
       "    </tr>\n",
       "    <tr>\n",
       "      <th>4302</th>\n",
       "      <td>5.42</td>\n",
       "      <td>37</td>\n",
       "      <td>2.66</td>\n",
       "      <td>2.87</td>\n",
       "    </tr>\n",
       "  </tbody>\n",
       "</table>\n",
       "<p>4303 rows × 4 columns</p>\n",
       "</div>"
      ],
      "text/plain": [
       "      Chol  Age   Tri   LDL\n",
       "0     4.36   26  0.86  2.43\n",
       "1     3.70   40  1.02  2.04\n",
       "2     5.87   40  1.29  3.37\n",
       "3     4.05   43  0.74  2.60\n",
       "4     6.69   36  3.49  3.64\n",
       "...    ...  ...   ...   ...\n",
       "4298  5.00   54  1.50  2.98\n",
       "4299  4.37   50  2.09  2.29\n",
       "4300  3.89   67  1.38  2.17\n",
       "4301  5.91   60  1.29  2.85\n",
       "4302  5.42   37  2.66  2.87\n",
       "\n",
       "[4303 rows x 4 columns]"
      ]
     },
     "execution_count": 5,
     "metadata": {},
     "output_type": "execute_result"
    }
   ],
   "source": [
    "diabetes_df = diabetes_df [[\"Chol\",\"Age\",\"Tri\",\"LDL\"]]\n",
    "diabetes_df"
   ]
  },
  {
   "cell_type": "code",
   "execution_count": 6,
   "metadata": {},
   "outputs": [
    {
     "data": {
      "text/plain": [
       "<Axes: >"
      ]
     },
     "execution_count": 6,
     "metadata": {},
     "output_type": "execute_result"
    },
    {
     "data": {
